3.141627311706542969e-01
4.708656966686248779e-01
2.654881775379180908e-01
7.767006158828735352e-01
4.885087907314300537e-01
1.455208957195281982e-01
9.915119409561157227e-02
1.047558188438415527e-01
4.058781266212463379e-01
6.036430597305297852e-01
3.041369318962097168e-01
2.958858311176300049e-01
4.444609582424163818e-01
3.991794288158416748e-01
1.315506249666213989e-01
2.995689511299133301e-01
1.180547028779983521e-01
7.249829918146133423e-02
1.082982122898101807e-01
3.185132741928100586e-01
5.663632154464721680e-01
4.611032307147979736e-01
2.785216271877288818e-01
9.387445449829101562e-02
