6.908736085803539595e-01
2.323711702414689162e-01
3.028595748088207529e-01
4.622984212719447039e-01
2.891792743350472539e-01
7.516311467012206649e-01
5.372548608563794126e-01
1.705231188273258758e-01
9.391155958279313876e-02
9.117736633916304068e-02
3.839849026518118991e-01
5.967127116079945504e-01
3.377589569607548636e-01
3.044404529872280496e-01
4.422613551957905176e-01
4.139863574214361908e-01
1.458940649689345059e-01
2.917790568377197080e-01
1.201787181836064949e-01
6.163723334231580031e-02
9.132962107424683063e-02
2.983205320454648812e-01
5.504594494981794872e-01
4.830323110727220426e-01
