5.873601436614990234e-01
1.817653924226760864e-01
2.930863797664642334e-01
4.632884562015533447e-01
2.692452371120452881e-01
7.802952527999877930e-01
4.894709885120391846e-01
1.451366990804672241e-01
9.812480211257934570e-02
1.038100421428680420e-01
4.051029086112976074e-01
6.031662225723266602e-01
3.038974404335021973e-01
2.957600057125091553e-01
4.444029033184051514e-01
3.991551101207733154e-01
1.315403878688812256e-01
2.995667159557342529e-01
1.180531978607177734e-01
7.249766588211059570e-02
1.082977205514907837e-01
3.185128271579742432e-01
5.663627386093139648e-01
4.611028730869293213e-01
