3.269412887843322069e-01
4.684306854261393038e-01
2.907408186543203876e-01
7.520287846045693447e-01
5.373561169656220216e-01
1.705489030887672730e-01
9.391812539045699126e-02
9.117903828273903055e-02
3.839853284022244351e-01
5.967128200227856949e-01
3.377589845679317415e-01
3.044404600172301301e-01
4.422613569859384364e-01
4.139863578772866592e-01
1.458940650850140963e-01
2.917790568672786744e-01
1.201787181911335017e-01
6.163723334423249628e-02
9.132962107473491242e-02
2.983205320455891152e-01
5.504594494982111286e-01
4.830323110727300917e-01
2.996086646557076794e-01
9.649792274853390139e-02
