3.269412887843322069e-01
5.167692341762389896e-01
2.300347128173384215e-01
9.096235680947395430e-01
4.640151779534260612e-01
4.523259804605120338e-02
6.773792622750930692e-02
9.024325440896661943e-02
4.840198996507556473e-01
6.693892075701797229e-01
2.492897925559765804e-01
2.930574930847131276e-01
4.893465966224460062e-01
4.043264649435236446e-01
5.430280332090766521e-02
3.416193201982992145e-01
6.155304352217056546e-02
4.163707441826680622e-02
1.014737517720429721e-01
3.690370696679971529e-01
6.366003875639517640e-01
4.599964504696129608e-01
2.369436658311214472e-01
2.710700913679418150e-02
