2.570615449205324587e-01
4.473545724068438978e-01
2.599538540567759015e-01
7.570268694036168533e-01
4.930200933933588936e-01
1.317987803083149334e-01
9.455793595611214353e-02
1.068157899825461637e-01
4.121467251451480518e-01
6.021694128221868336e-01
3.085152625033034668e-01
2.971689931045891075e-01
4.465613652909393161e-01
4.042437779638456963e-01
1.284671882772207840e-01
3.070601856739680890e-01
1.190467164442773063e-01
7.472587944446229535e-02
1.138746094637599487e-01
3.257335132729486937e-01
5.642568015120560387e-01
4.651981755609409519e-01
2.784030032304116720e-01
8.819218147034976751e-02
