5.370928460520988379e-01
1.511810635268130421e-01
2.889291056226277465e-01
4.591887130954114271e-01
2.670292973200726339e-01
7.619554134749251251e-01
4.965155091950844146e-01
1.342544169005505106e-01
9.626332567150346076e-02
1.079887721765966230e-01
4.129472831586398773e-01
6.027122656522747590e-01
3.088813776991151672e-01
2.974148383648517746e-01
4.467258360463879918e-01
4.043534331917805202e-01
1.285400729234585093e-01
3.071084980028662148e-01
1.190786557892096753e-01
7.474694146359796287e-02
1.138884662786252416e-01
3.257426073716273018e-01
5.642627534820267021e-01
4.652020600184358368e-01
